world: world
x: 1935.5672269600716
y: 69.0
z: 226.45834438825113
yaw: -0.12739706
pitch: -2.0858455
name: Dawson
